101,106
20,108
108,22
108,21
108,20
108,19
20,107
101,105
20,106
108,18
108,17
20,105
106,29
20,104
20,103
20,102
106,28
106,23
20,101
20,100
102,17
20,99
101,104
7,95
108,16
108,15
108,14
20,98
106,27
20,97
20,96
99,40
20,95
20,94
20,93
20,92
20,91
102,16
101,103
20,90
20,89
20,88
20,87
99,39
99,32
20,86
20,85
20,84
20,83
103,215
103,214
103,213
103,212
103,211
103,210
103,209
103,208
103,207
103,206
103,205
103,204
103,203
103,202
103,201
103,200
103,199
103,198
103,197
103,196
103,195
103,194
103,193
103,192
103,191
103,190
102,15
7,92
20,82
20,81
103,189
103,188
99,38
20,80
101,102
20,79
101,41
101,40
20,78
101,4
20,77
101,39
101,38
103,184
103,183
103,182
103,181
103,180
103,179
103,178
103,177
103,176
103,175
103,174
103,173
103,172
103,171
103,170
103,169
103,168
103,167
103,166
103,165
103,164
101,5
20,76
106,26
101,101
20,75
103,163
103,162
20,74
20,73
99,37
20,72
20,71
20,70
20,69
103,161
101,100
20,68
106,25
106,24
106,4
106,22
106,5
103,160
20,67
46,128
46,14
101,99
101,98
101,97
99,36
102,14
106,21
20,66
46,43
104,128
104,118
104,117
104,116
104,115
104,114
104,113
104,112
104,111
104,101
103,159
103,158
103,157
103,156
103,155
103,154
103,153
103,152
103,151
102,13
20,65
101,96
20,64
106,20
106,19
101,95
20,38
106,18
106,17
101,94
101,93
99,35
104,100
104,99
104,98
104,97
104,96
101,92
107,21
107,20
101,91
107,19
107,18
107,17
107,16
101,90
101,89
107,15
107,14
101,88
104,94
104,93
104,92
104,91
104,87
104,86
104,85
104,84
104,83
104,82
104,81
104,80
104,79
101,87
104,78
20,37
108,13
108,12
101,86
114,5
114,4
114,3
114,2
114,1
114,0
20,36
106,16
106,15
106,14
106,13
107,13
106,12
106,11
101,85
101,84
101,83
101,82
107,12
107,11
107,10
107,9
107,8
107,7
107,6
106,10
106,9
20,35
20,34
101,81
101,80
101,79
101,78
101,77
101,76
101,75
101,74
109,15
109,14
109,13
109,12
109,11
109,10
109,9
109,8
109,7
109,6
109,5
20,33
70,86
70,85
113,3
113,2
113,1
113,0
103,148
103,147
103,146
103,145
103,144
103,143
103,142
103,141
103,140
103,139
103,138
103,137
103,136
103,135
103,134
103,133
103,132
103,131
103,130
103,127
103,126
103,125
103,124
112,7
112,6
112,5
112,4
112,3
112,2
112,1
112,0
20,32
108,11
108,10
103,123
103,122
103,121
103,120
103,119
103,118
99,34
99,33
99,4
106,8
20,31
104,77
103,129
103,128
104,76
104,75
104,74
101,73
101,72
101,71
101,70
101,69
101,68
101,67
20,30
20,29
108,9
108,8
101,66
101,65
101,64
101,37
101,36
101,35
101,34
111,3
111,2
111,1
111,0
20,28
7,91
7,90
110,3
110,2
110,1
110,0
2,28
109,4
109,3
109,2
109,1
109,0
20,27
103,95
102,8
20,26
108,7
108,6
108,5
108,4
108,3
108,2
108,1
108,0
101,33
106,6
103,94
107,5
107,4
107,3
107,2
107,1
107,0
106,3
106,2
106,1
106,0
102,7
102,6
105,5
105,4
105,3
105,2
105,1
105,0
104,73
104,72
104,71
104,70
104,69
104,68
104,67
104,66
104,65
103,93
103,92
104,64
104,37
104,36
104,35
104,34
104,33
104,32
104,31
104,30
104,29
104,28
104,27
104,26
104,25
104,24
104,23
104,22
104,21
104,20
104,19
104,18
104,17
103,91
99,31
99,5
103,90
99,30
103,89
99,29
103,88
103,87
103,86
103,85
103,84
103,83
103,82
103,81
103,80
103,79
103,78
103,77
103,76
103,75
103,74
103,73
103,72
103,71
103,70
103,69
103,68
103,67
103,66
103,65
103,64
103,37
99,28
99,27
103,35
103,34
103,33
103,32
103,31
103,30
104,10
101,32
101,31
101,30
101,29
101,28
101,27
101,26
101,25
101,24
101,23
101,22
101,21
101,20
101,19
101,18
101,17
101,16
101,15
101,14
101,13
99,26
99,25
99,24
99,23
99,22
99,21
99,20
99,19
99,18
99,17
99,16
99,15
99,14
99,13
99,12
99,11
99,10
99,9
99,8
103,29
103,28
103,27
103,26
103,25
103,24
103,23
20,25
20,24
0,767
103,22
103,21
103,20
103,19
103,18
103,17
103,16
103,15
103,14
99,7
99,6
104,5
104,4
104,3
104,2
104,1
104,0
20,23
103,13
103,12
103,11
103,10
103,9
103,8
103,7
103,6
103,5
103,4
103,3
103,2
103,1
103,0
101,12
101,11
101,10
101,9
101,8
101,7
101,6
0,766
2,27
102,5
102,4
102,3
102,2
102,1
102,0
101,3
101,2
101,1
101,0
100,3
100,2
100,1
100,0
0,765
99,3
99,2
99,1
99,0
79,26
79,25
79,24
79,23
79,22
79,21
79,20
79,19
79,18
79,17
79,16
79,15
79,14
79,13
79,12
79,11
79,10
79,9
79,8
79,7
79,6
0,764
0,763
0,762
48,8
0,761
0,760
0,759
0,758
0,757
0,756
46,190
46,61
0,755
0,754
48,7
0,753
46,84
0,752
0,751
0,750
48,6
48,5
0,749
0,748
0,747
0,744
0,743
0,742
0,739
0,738
46,9
0,737
0,736
98,3
98,2
98,1
98,0
97,3
97,2
97,1
97,0
0,733
46,83
47,91
0,732
0,729
46,82
47,90
47,89
46,63
0,728
0,727
0,726
46,45
0,725
47,88
46,81
0,724
0,723
0,722
46,62
47,87
46,37
46,80
0,721
96,3
96,2
96,1
96,0
46,34
47,86
46,79
47,85
47,44
47,43
46,78
47,84
46,60
46,12
46,77
47,83
95,3
95,2
95,1
95,0
46,76
47,82
47,81
46,75
47,80
46,74
0,709
47,79
46,73
46,59
47,78
94,3
94,2
94,1
94,0
46,32
46,72
47,77
46,71
47,76
46,70
47,75
46,69
47,74
47,73
46,68
47,39
47,72
46,58
46,67
46,20
47,71
46,66
46,57
47,70
46,26
46,56
46,8
46,65
47,69
93,3
93,2
93,1
93,0
46,64
47,68
46,55
47,67
46,54
47,66
47,65
46,53
0,676
47,64
46,52
92,3
92,2
92,1
92,0
46,51
46,31
47,42
46,50
47,41
46,49
47,40
46,48
47,30
47,38
91,3
91,2
91,1
91,0
46,47
47,37
46,46
47,36
46,21
46,44
46,23
46,42
47,35
46,41
46,40
46,15
90,3
90,2
90,1
90,0
47,34
46,39
47,33
46,38
47,32
46,36
89,3
89,2
89,1
89,0
47,31
47,23
46,35
47,29
46,33
47,28
47,27
46,30
0,585
0,584
88,3
88,2
88,1
88,0
0,583
0,582
0,581
0,580
0,579
0,578
47,26
0,577
0,576
46,29
47,25
87,3
87,2
87,1
87,0
46,28
47,24
46,27
47,22
47,15
46,25
47,21
86,3
86,2
86,1
86,0
46,24
47,20
46,22
47,19
47,18
46,19
85,3
85,2
85,1
85,0
47,17
46,18
0,511
0,510
47,16
0,509
0,508
0,507
0,506
46,17
0,505
0,504
0,503
0,502
0,501
0,500
0,499
0,498
0,497
47,11
47,14
0,496
0,495
0,494
0,493
46,16
0,492
0,491
0,490
0,489
84,3
84,2
84,1
84,0
0,488
0,487
47,13
0,486
0,485
0,480
0,479
0,478
46,13
0,477
47,12
0,476
0,475
0,474
0,473
0,472
0,471
0,470
47,10
47,4
0,469
46,11
0,468
0,467
83,3
83,2
83,1
83,0
47,9
0,466
0,465
0,464
0,463
0,462
0,461
0,460
46,10
47,8
0,459
46,4
82,3
82,2
82,1
82,0
0,458
47,7
46,7
0,457
47,6
47,5
46,6
46,5
0,456
0,455
0,454
0,453
0,452
81,3
81,2
81,1
81,0
0,451
0,450
20,22
0,449
0,448
80,3
80,2
80,1
80,0
79,5
79,4
79,3
79,2
79,1
79,0
6,76
6,75
6,74
6,73
6,72
6,71
6,70
6,69
6,68
6,67
6,66
6,65
6,64
6,35
6,34
6,33
20,21
6,32
7,88
7,87
7,86
78,6
78,5
78,4
78,3
78,2
78,1
78,0
6,31
6,30
77,6
77,5
77,4
77,3
77,2
77,1
77,0
76,6
76,5
76,4
76,3
76,2
76,1
76,0
0,443
7,83
2,26
75,5
75,4
75,3
75,2
75,1
75,0
74,5
74,4
74,3
74,2
74,1
74,0
6,29
7,82
7,81
73,6
73,5
73,4
73,3
73,2
73,1
73,0
72,6
72,5
72,4
72,3
72,2
72,1
72,0
20,20
20,19
20,18
20,17
71,10
71,9
71,8
71,7
71,6
0,442
0,441
71,5
71,4
71,3
71,2
71,1
71,0
20,16
70,84
70,83
70,82
70,81
70,80
70,79
70,78
70,77
70,76
70,75
70,74
70,73
70,72
70,71
70,70
70,69
70,68
70,38
70,37
70,4
70,67
70,66
70,65
70,64
70,36
70,35
70,34
70,33
70,32
70,31
70,30
70,29
70,28
70,27
70,26
70,25
70,24
70,23
70,22
70,21
70,20
70,19
70,18
70,17
70,16
70,15
70,14
70,13
70,12
70,11
70,10
70,9
70,8
70,7
70,6
70,5
2,25
70,3
70,2
70,1
70,0
20,15
7,80
6,28
20,14
20,13
20,12
20,11
6,16
7,79
7,78
6,13
20,10
69,3
69,2
69,1
69,0
68,3
68,2
68,1
68,0
7,77
2,24
67,3
67,2
67,1
67,0
7,75
7,74
7,73
2,23
2,22
66,6
66,5
66,4
66,3
66,2
66,1
66,0
65,5
65,4
65,3
65,2
65,1
65,0
2,21
64,4
64,3
64,2
64,1
64,0
7,71
7,70
7,69
7,68
2,20
2,19
63,5
63,4
0,440
0,439
63,3
63,2
63,1
63,0
62,7
62,6
62,5
62,4
62,3
62,2
62,1
62,0
2,18
61,5
61,4
61,3
61,2
61,1
61,0
60,5
60,4
60,3
60,2
60,1
60,0
59,3
59,2
59,1
59,0
7,66
7,65
7,64
58,6
58,5
58,4
58,3
58,2
58,1
58,0
2,17
57,6
57,5
57,4
57,3
57,2
57,1
57,0
2,16
56,4
56,3
56,2
56,1
56,0
0,438
55,5
55,4
55,3
55,2
55,1
55,0
2,15
2,14
54,9
54,8
54,7
54,6
54,5
54,4
54,3
54,2
54,1
54,0
2,13
2,12
53,5
53,4
53,3
53,2
53,1
53,0
52,6
52,5
52,4
52,3
52,2
52,1
52,0
51,4
51,3
51,2
51,1
51,0
50,3
50,2
50,1
50,0
49,3
49,2
49,1
49,0
48,4
48,3
48,2
48,1
48,0
47,3
47,2
47,1
47,0
46,3
46,2
46,1
46,0
6,11
2,11
45,5
45,4
45,3
45,2
45,1
45,0
7,36
7,35
7,34
44,6
44,5
44,4
44,3
44,2
44,1
44,0
6,9
6,8
43,11
43,10
43,9
43,8
43,7
43,6
43,5
43,4
43,3
43,2
43,1
43,0
2,10
42,5
42,4
42,3
42,2
42,1
42,0
2,9
41,6
41,5
41,4
41,3
41,2
41,1
41,0
40,3
40,2
40,1
40,0
20,9
20,8
20,7
39,6
39,5
39,4
39,3
39,2
39,1
39,0
38,6
38,5
38,4
38,3
38,2
38,1
38,0
0,437
0,436
6,7
6,6
7,31
7,29
7,28
7,27
37,5
37,4
37,3
37,2
37,1
37,0
2,8
36,12
36,11
36,10
36,9
36,8
36,7
36,6
36,5
36,4
36,3
36,2
36,1
36,0
35,6
35,5
35,4
35,3
35,2
35,1
35,0
2,7
34,6
34,5
34,4
34,3
34,2
34,1
34,0
33,3
33,2
33,1
33,0
7,26
7,25
7,24
32,6
32,5
32,4
32,3
32,2
32,1
32,0
31,6
31,5
31,4
31,3
31,2
31,1
31,0
7,23
7,22
7,21
7,20
30,4
30,3
30,2
30,1
30,0
29,7
29,6
29,5
29,4
29,3
29,2
29,1
29,0
28,5
28,4
28,3
28,2
28,1
28,0
2,6
27,6
27,5
27,4
27,3
27,2
27,1
27,0
7,19
26,3
26,2
26,1
26,0
7,18
7,17
25,8
25,7
25,6
25,5
25,4
25,3
25,2
25,1
25,0
24,6
24,5
24,4
24,3
24,2
24,1
24,0
7,16
7,14
23,3
23,2
23,1
23,0
22,4
22,3
22,2
22,1
22,0
21,3
21,2
21,1
21,0
20,6
20,5
20,4
20,3
20,2
20,1
20,0
7,12
7,11
2,5
2,4
19,4
19,3
19,2
19,1
19,0
18,8
18,7
18,6
18,5
18,4
18,3
18,2
18,1
18,0
17,3
17,2
17,1
17,0
16,3
16,2
16,1
16,0
15,4
15,3
15,2
15,1
15,0
14,5
14,4
14,3
14,2
14,1
14,0
7,10
7,9
6,5
13,6
13,5
13,4
13,3
13,2
13,1
13,0
7,6
12,8
12,7
12,6
12,5
12,4
12,3
12,2
12,1
12,0
11,4
11,3
11,2
11,1
11,0
10,5
10,4
10,3
10,2
10,1
10,0
7,5
9,5
9,4
9,3
9,2
9,1
9,0
8,3
8,2
8,1
8,0
7,3
7,2
7,1
7,0
0,319
0,318
0,317
6,3
6,2
6,1
6,0
0,316
0,315
0,313
0,312
5,3
5,2
5,1
5,0
4,3
4,2
4,1
4,0
3,6
3,5
3,4
3,3
3,2
3,1
3,0
2,3
2,2
2,1
2,0
1,3
1,2
1,1
1,0
0,243
0,9
0,0
0,1
0,300
0,299
0,298
0,297
0,296
0,295
0,294
0,293
0,292
0,291
0,290
0,289
0,288
0,287
0,286
0,285
0,284
0,283
0,282
0,281
0,280
0,279
0,278
0,277
0,276
0,275
0,274
0,273
0,272
0,271
0,270
0,269
0,268
0,267
0,266
0,265
0,264
0,263
0,262
0,261
0,260
0,259
0,258
0,257
0,256
0,255
0,254
0,253
0,252
0,251
0,250
0,249
0,248
0,247
0,246
0,245
0,244
0,242
0,241
0,240
0,239
0,238
0,237
0,236
0,235
0,234
0,233
0,232
0,231
0,230
0,229
0,228
0,227
0,226
0,225
0,224
0,223
0,222
0,221
0,220
0,219
0,218
0,217
0,216
0,215
0,214
0,213
0,212
0,211
0,210
0,209
0,208
0,207
0,206
0,205
0,204
0,203
0,202
0,201
0,200
0,199
0,198
0,197
0,196
0,195
0,194
0,193
0,192
0,63
0,62
0,61
0,60
0,59
0,58
0,57
0,56
0,55
0,54
0,53
0,52
0,51
0,50
0,311
0,49
0,310
0,48
0,309
0,47
0,308
0,46
0,307
0,45
0,301
0,6
0,5
0,304
0,303
0,306
0,305
0,302
0,12
0,10
0,8
0,11
0,4
0,2
0,3
0,7
